kinematics:
  shoulder:
    x: 0
    y: 0
    z: 0.16233381175782158
    roll: -0
    pitch: 0
    yaw: -2.8167419522176496e-07
  upper_arm:
    x: 0.00011612936850868326
    y: 0
    z: 0
    roll: 1.5694927276244151
    pitch: 0
    yaw: -2.5920187556316425e-06
  forearm:
    x: -0.42536353963972734
    y: 0
    z: 0
    roll: 3.1414298001763505
    pitch: 3.1404705883880895
    yaw: -3.1415913947135508
  wrist_1:
    x: -0.39259271672451818
    y: -8.2429619566128375e-05
    z: 0.13354684488482291
    roll: 0.00061723366934859827
    pitch: -0.0021356167784420512
    yaw: 3.3694393024556236e-06
  wrist_2:
    x: 5.2759869814585763e-05
    y: -0.099627693679657001
    z: 0.00016364016400709184
    roll: 1.5691538114379318
    pitch: 0
    yaw: -1.2222727879991624e-07
  wrist_3:
    x: 5.392733635104941e-05
    y: 0.099616380159942189
    z: 8.0616831377859516e-05
    roll: 1.5716055994631983
    pitch: 3.1415926535897931
    yaw: -3.1415926429214278
  hash: calib_8338346758017334583