kinematics:
  shoulder:
    x: 0
    y: 0
    z: 0.16262015386662257
    roll: -0
    pitch: 0
    yaw: 7.7470029440085408e-08
  upper_arm:
    x: 0.0001706127745020104
    y: 0
    z: 0
    roll: 1.5714065189907593
    pitch: 0
    yaw: 3.3710810234628549e-06
  forearm:
    x: -0.42496954331389752
    y: 0
    z: 0
    roll: 0.0012176989388538498
    pitch: -0.0020509961762190179
    yaw: 2.9778286687682736e-06
  wrist_1:
    x: -0.39217637132292144
    y: -0.00063786068538932165
    z: 0.13365434788839745
    roll: 0.0047724286774434863
    pitch: 0.001466510632723073
    yaw: -1.0246158285539865e-05
  wrist_2:
    x: -9.1838550843661995e-05
    y: -0.099392006886091552
    z: 0.00033627374004765494
    roll: 1.5674130320259416
    pitch: 0
    yaw: -8.501132936506588e-07
  wrist_3:
    x: 5.0812992395598072e-05
    y: 0.099565512059450509
    z: 1.8492020131448952e-05
    roll: 1.5709820539562029
    pitch: 3.1415926535897931
    yaw: -3.141592648136434
  hash: calib_14539877043524135025